%Example how the prediction most discriminative patches must be encoded
indices_predictions = [[13]
 [17]
 [23]
 [35]
 [33]
 [ 2]
 [30]
 [32]
 [32]
 [31]
 [21]
 [18]
 [11]
 [35]
 [35]
 [34]
 [21]
 [29]
 [ 7]
 [30]
 [30]
 [11]
 [26]
 [23]
 [30]
 [18]
 [32]
 [23]
 [ 0]
 [ 5]
 [34]
 [16]
 [13]
 [ 8]
 [24]
 [ 3]
 [ 6]
 [ 9]
 [35]
 [ 5]
 [17]
 [ 3]
 [11]
 [32]
 [20]
 [30]
 [ 0]
 [29]
 [ 5]
 [30]];