%Example how the indices should be written
%Batch 1
indices_A_1 = [[ 7 12 13]
 [17 16 22]
 [23 22 17]
 [35 29 22]
 [34  6 33]
 [34 33 35]
 [30 24 18]
 [31 32 13]
 [26 32 33]
 [31 30 32]
 [21 20 14]
 [18 12 19]
 [ 5 11 17]
 [28 29 35]
 [34 35  0]
 [33 34 28]
 [20 21 26]
 [35 29 22]
 [ 0  7  1]
 [30 31 25]];

indices_B1_1 = [  4   5  10  11  16  17  22  23  28  29  30  31  32  34  35  38  43  44 45  72  73  74  75  76  77  78  79  80  81  84  85  86  90  91  96  97 102 103 104 105 108 110 112 113 114 115 116 118 119 120 125 126 127 132 133 134 135 138 139 140 157 159 163 164 165 180 182 183 184 185 186 191 192 193 194 197 198 199 200 201 203 204 205 206 210 211 216 217 218 219 220 221 222 224 225 226 227 230 231 232 233 236 237 238 239 242 243 244 245 249 250 251 252 254 255 256 257 258 260 261 262 263 267 268 269 273 274 275 280 281 287 288 289 290 291 292 293 294 295 296 297 298 299 300 303 305 306 311 317 323 324 325 326 327 328 330 331 332 333 334 335 336 337 338 339 352 353 358 359 384 385 390 391 396 397 398 399 400 401 404 405 406 407 411 412 413 418 419 424 425 427 428 429 430 431 432 433 434 438 439 440 444 445 446 450 451 452 453 456 457 458 459 460 462 463 464 465 466 467 468 469 470 471 472 473 474 475 476 477 478 480 481 482 486 487 488 492 493 494 498 499 500 510 511 516 517 540 541 542 543 544 545 546 547 548 549 550 551 552 553 554 555 556 557 558 559 564 570 576 577 578 579 580 581 582 583 584 585 586 587 618 620 621 626 627 652 653 658 659 664 665 670 671 672 673 674 675 676 677 678 679 680 681 682 683 684 685 686 687 688 689 690 691 692 693 694 695 698 699 700 701 705 706 707 711 712 713 717 718 719];

indices_B2_1 = [ 42 117 202 223 286 392 423 461 479 612];




%Batch 2

indices_A_2 = [[30 31 32]
 [ 5 19 11]
 [32  0 26]
 [17 23 22]
 [24 18  2]
 [18 13 22]
 [25 26 32]
 [23 22  0]
 [ 0  3  1]
 [ 4  5 11]
 [33 34 31]
 [17 16 22]
 [ 4  5 11]
 [ 2  8  9]
 [18 24 19]
 [ 3  9 10]
 [ 0  6 12]
 [ 9  3  2]
 [30 35 34]
 [35 29 23]];

indices_B1_2 = [  0   1   2   3   4   5   6   7   8   9  10  11  12  13  14  15  16  17 18  19  20  21  22  23  28  29  34  35 108 109 110 111 112 113 114 115 116 117 120 121 122 126 138 139 148 154 159 160 194 195 197 200 205 206 207 209 211 212 213 215 216 217 218 219 220 221 223 224 225 226 227 230 231 232 233 238 239 245 251 259 271 272 277 278 295 296 297 298 299 331 338 343 344 345 416 422 423 453 468 473 474 479 480 485 486 487 492 493 494 498 499 500 502 505 507 508 509 511 512 513 514 515 520 521 526 527 531 532 533 537 538 539 540 546 552 553 558 559 560 564 565 566 567 570 571 572 573 574 575 612 618 624 625 629 630 631 632 635 636 637 640 641 642 644 646 647 684 685 686 687 690 691 692 693 694 695 696 697 698 702 703 704 705 708 709 710 711 714 715 716 717];

indices_B2_2 = [447 568 617 634 639];




%Batch 3
indices_A_3 = [[17 23 22]
 [ 3  2  9]
 [30 31 24]
 [32 33 26]
 [20  5 21]
 [30 31 25]
 [ 0  6  1]
 [35 29 28]
 [ 3  4  5]
 [30 31 24]
 [ 1  0  7]
 [14 20 21]
 [30 24 31]
 [30 31 24]
 [ 5  2 11]
 [33 34 35]
 [ 0 34 35]
 [ 2  3 23]
 [23 17 29]
 [ 5 11 10]];

indices_B1_3 = [  0   1   2   3   4   5   6   7   8   9  12  13  18  19  24  25  26  27 30  31  32  33  34  35  36  42  47  48  49  53  54  55  56  57  58  59 60  61  62  63  64  66  67  68  69  70  71  72  73  74  75  77  78  79 80  81  82  83  84  85  86  87  89  90  91  92  93  94  95  97  98  99 100 101 104 105 106 107 109 111 121 123 124 127 129 130 180 182 188 219 224 225 227 229 230 231 233 256 262 263 269 294 295 300 301 302 306 307 308 309 310 312 313 314 315 316 317 318 319 320 321 322 323 324 325 326 327 328 329 330 331 332 333 334 335 336 337 338 339 340 341 343 344 345 346 347 350 352 353 358 364 365 370 371 375 376 377 378 379 380 381 382 383 384 385 386 387 388 389 390 391 392 393 394 395 396 400 401 407 413 419 420 425 426 427 428 429 430 431 432 433 434 435 436 437 438 439 440 441 442 443 444 445 447 448 449 453 454 455 459 460 461 465 466 467 469 471 481 482 483 484 488 489 513 648 649 650 651 652 653 654 655 656 657 658 660 661 662 663 666 667 668 669 672 673 674 675 678 679 680 681 682];

indices_B2_3 = [ 15 187 223 351];




%Batch 4
indices_A_4 = [[17  0  6]
 [24 30 31]
 [ 1  7  8]
 [ 6 12 23]
 [16 21 17]
 [14 30 13]
 [35 34 28]
 [ 1 13  8]
 [12  6  0]
 [ 5 11 17]
 [ 6 33  0]
 [ 6 12 13]
 [25 31 32]
 [20 14 15]
 [12 13  6]
 [35 34 29]
 [14 15 21]
 [13 20 19]
 [ 5 11  4]
 [31 30 25]];

indices_B1_4 = [ 37  38  39  40  41  46  47  52  53  57  58  59  63  64  65  69  70  71 93 144 145 146 147 150 151 152 156 157 162 169 175 178 179 207 218 228 229 230 231 236 237 260 267 270 272 273 274 278 279 280 290 291 292 293 296 297 298 299 303 304 305 308 309 310 311 312 313 314 315 316 317 318 319 320 321 322 323 324 325 326 327 330 331 332 337 338 339 344 345 346 348 350 351 352 353 356 357 358 359 409 415 416 420 421 422 428 432 433 435 436 437 442 443 448 449 454 455 460 461 466 467 468 469 470 471 472 473 479 492 497 498 499 501 502 503 523 524 528 529 530 534 536 540 541 542 543 544 545 546 547 548 549 552 553 554 555 556 557 558 559 560 561 562 563 564 565 566 567 570 571 572 573 576 577 580 581 582 587 588 593 594 600 606 607 608 609 611 612 615 616 617 622 623 628 629 635 641 642 643 644 645 646 647 648 649 650 651 654 655 656 657 660 661 662 663 664 666 667 668 669 670 671 672 673 674 675 676 677 678 679 680 681 682 683 685 686 687 688 689 692 693 694 695 698 699 700 701 705 706 707 711 712 713 718 719];

indices_B2_4 = [ 87 174 205 235 333 610];



%Batch 5
indices_A_5 = [[16 17 15]
 [28 29 35]
 [ 4  5 10]
 [11 17 16]
 [34 35 29]
 [19 18 20]
 [ 6 12  0]
 [ 2  3 25]
 [ 0 21  6]
 [ 4  5 11]
 [17 23 29]
 [25 24 30]
 [ 0 17 23]
 [ 6  0  7]
 [32 25 26]
 [ 1 34 33]
 [27 28 29]
 [22 23 16]
 [23 29 22]
 [ 5  3  8]];

indices_B1_5 = [  0   1   6   7  96  98 108 109 110 111 114 120 121 126 127 136 137 138 139 141 142 143 144 145 146 147 148 149 150 151 152 153 154 155 156 157 158 159 160 161 162 163 164 165 166 167 168 169 170 174 175 176 190 219 220 221 225 226 227 231 232 233 237 238 239 240 242 243 244 245 246 247 248 249 250 251 273 324 325 336 342 345 346 347 350 351 352 353 354 355 356 357 358 359 360 361 362 363 364 366 367 368 369 372 373 374 375 378 379 380 381 384 385 386 387 390 391 392 393 396 397 398 399 400 401 402 403 404 405 411 412 413 418 419 424 425 430 431 447 453 470 471 472 473 477 478 479 483 484 485 487 489 490 491 492 493 494 495 496 497 498 499 500 501 502 503 504 505 506 507 508 509 510 511 513 514 515 516 520 521 526 527 533 539 546 548 552 554 558 559 560 561 566 567 576 577 578 579 580 581 582 583 585 586 587 588 594 595 600 606 607 612 613 614 615 616 617 618 619 620 624 625 630 636 642 648 649 650 651 652 653 654 655 656 657 658 659 660 661 662 663 666 667 668 669 672 674 675 678 681 682 684 685 690 691 700 701 702 703 704 705 706 707 708 709 710 711 712 713 714 715 716 717 718 719];

indices_B2_5 = [ 92 306 486 488 532 565 696];



%Batch 6
indices_A_6 = [[ 5  4 11]
 [13 20  6]
 [17 23 29]
 [12 13 29]
 [ 6 13  0]
 [ 3 10 30]
 [29 35 34]
 [ 2  9  8]
 [ 5 11 10]
 [20 13 19]
 [ 6  0  7]
 [ 5 11  4]
 [29 17 23]
 [ 3 10  4]
 [10 17 11]
 [28 29 35]
 [ 0  1  7]
 [12 13 18]
 [33 27 34]
 [ 3  4  9]];

